img_w = 128
img_h = 128
detector_num = 20
detector_size = 128
update_count = 1
distance_img_bottom_to_detector = 10
time = 0.100583[s]
     = 0.00167638[min]
     = 2.79397e-05[h]