img_w = 128
img_h = 128
detector_num = 20
detector_size = 128
update_count = 1
distance_img_bottom_to_detector = 10
time = 0.111635[s]
     = 0.00186058[min]
     = 3.10097e-05[h]